240 011010110100

qnod 11101010 001 0100101110). 7. 001001010111010011, 11001 01. 1101.
8. 100101100100000111100111111. Priue 10011 in 0. 11. 0001111 BE.

’ 00001.1111111.010., 001011 01). Tum 0011 000 vol ABG. 11οη 0032.

0111010111 0. 110011. 1101101. 0011 1111101010 0111111111. 11. 00011100
ABG 01011101. 1101 0111110111οι 01 1011101110οι 0101111 B. 12. 11-
emm 11100 001 111011. 11110111. 1110010. 0001, 0000. 10111100 DE,
1000. 111 111100 (ex 110111.) 1³3 111100 011. 1101. 0001 11001. 111111. 110-
0001 1011010100 11100, 10 qua vid. 01. 11111οΜ1100 1101000. 01 11001
101111. 10001101011111000. 0001. 01001 01 1111100011. 10. ς. 15111.
Proxime 00011100, 1111010111, codd. 01011. 0110 10111. 0101111, in 0011100
011 0000111010. 111100 001110110011010 001100110110 10110111 11010011
0. 01. 101.

ς. 25. 1. 100 1000110101010 in F. 2. 0011100 E 0100. D. 81011111
00011010111101 01. Β. 1 1100010 01 101000 11111. 11ιο001. 1111001. 0001.
5. sm mian 0 1111001 1111010 011110 110101 001. 0. Proxime 1100001101

· 001 ex 100101. 0. m. Α, 1100010000111 (010, 010010001000110)1). Tum

. mm„ 1100, 0101111. 0111010010010110111· 7-8· 5111111
“msam 1, 0000100110000101 0011. 001100.
1

1. mmm (1001110 11110111 0011 repen 0100110111110 010. m. 00000-
00ήο10) Α, 1000101110 F. Tum 00010 01 AF. 11010 mmm
(vulg. 0000001.) 10010 Β, 001100. 0011. 1011. vid. 001101. 0011001001. 101.
0. 81. 2. Pon 1111 in B 1. 01. superscripsit 100, quod ox 0100000010
1οι11 3. 1010110011] Eut-t 0001100011 0010110 in 1111110011 000. Τ. IL
0. 828 seqq. 5. 0101010110011110101 1110110100] vid. 110101. 11111. 10 Ep.
01. 1. 6. umqum 0 01 01. 1101. 1-8. 111 0101010001 01011010, qm m
1101111001 1101100110111,11010 01. 1101., in 1010111001 1000110100 οπο.
1010 10100111 0100111011 111 ommi 01011. 0011011101 1). M 001, Ε 011
1. ι. 00010 110. 01111011 110101. Pro 0111010101 vulgo legitur 0011100001..
9. 1010011101 00000011 Α. Tum 11011011 010 1111001111 D. 1011100
mum pm, 10101 10010010 debebam, 0. 01. 1101. 11010111 0011111.
110 0110111 ς. 31. 0. 111, 2. 0011. 0111101 0100010 0 01 §. 47, 5. 0. 21,
ubi 10011111 01111100 00111101. 10- 11. 01000 1101111110] 11111 10001101
1110011. 110111 01 0011101111ιο 1111, 1100 011101 01. B, 111 0110010 a, quod
0101011 001, 0. 111. 10010 1111 0111010111 00. 00111. 01 0. 14, 1. D 01101
0011011110. statim &⁶⁶⁸6an ΑΕ, 001101 0011. 1011. 0. 01. 1101.
01 1010011., mm Eram. 0001. 1001. (11111. 0011. 01 l. 1. 11011101
0111101001101011111 - 1001000001 01110111 011, mm intercidit
in 111. ¹Dein 0000 0111 11, 1110111000 0011100οι100 B.

‘§. 27. 1. 00110011 0011. 0 01. 101 011000 (00111011. 1,12.),
01110111010111011100011. 1. 101011000000111000101100011. 1011-

 

